0	"﻿Berlin"	0.12750776365194072	52.5167	13.3833
1	"Hamburg"	0.06441037700370787	53.55	10.0
2	"Munich"	0.05147809368017567	48.1372	11.5755
3	"Cologne"	0.03798002667820646	50.9422	6.9578
4	"Frankfurt"	0.026344326578189428	50.1136	8.6797
5	"Bremen"	0.025359653778030747	53.1153	8.7975
6	"Düsseldorf"	0.02259646886335658	51.2311	6.7724
7	"Stuttgart"	0.02220839996179832	48.7761	9.1775
8	"Leipzig"	0.020751943405539874	51.3333	12.3833
9	"Dortmund"	0.02053550219992003	51.5139	7.4653
10	"Essen"	0.02039903264389562	51.4508	7.0131
11	"Dresden"	0.019469878219899647	51.05	13.74
12	"Hannover"	0.018823353260943716	52.3744	9.7386
13	"Nuremberg"	0.018134078802510258	49.4539	11.0775
14	"Duisburg"	0.017442285551963557	51.4322	6.7611
15	"Bochum"	0.01275586292593387	51.4833	7.2167
16	"Wuppertal"	0.01239742481493	51.2667	7.1833
17	"Bielefeld"	0.01167691033764758	52.0167	8.5333
18	"Bonn"	0.011448539852713631	50.7339	7.0997
19	"Münster"	0.01099589192002975	51.9625	7.6256
20	"Karlsruhe"	0.01095296750443325	49.0167	8.4
21	"Mannheim"	0.010822759945468151	49.4878	8.4661
22	"Augsburg"	0.010324773754745912	48.3717	10.8983
23	"Kassel"	0.010142476175550015	51.3166	9.4912
24	"Wiesbaden"	0.009737300477555989	50.0825	8.24
25	"Mönchengladbach"	0.009146503794105537	51.2	6.4333
26	"Gelsenkirchen"	0.009118517215069514	51.5167	7.1
27	"Braunschweig"	0.008686054602515364	52.2692	10.5211
28	"Aachen"	0.008654149902414298	50.7762	6.0838
29	"Kiel"	0.00863364973327041	54.3233	10.1394
30	"Chemnitz"	0.008584988068971525	50.8333	12.9167
31	"Halle"	0.008369981175527275	51.4828	11.9697
32	"Magdeburg"	0.00835039057020206	52.1278	11.6292
33	"Freiburg im Breisgau"	0.008054572429791294	47.9947	7.8497
34	"Krefeld"	0.007941891465947504	51.3333	6.5667
35	"Mainz"	0.007595487583929127	50.0	8.2667
36	"Lübeck"	0.00757491744833765	53.8697	10.6864
37	"Oberhausen"	0.007375478089482189	51.4699	6.8514
38	"Rostock"	0.0073075056856484475	54.0833	12.1333
39	"Erfurt"	0.007110480169234844	50.9787	11.0328
40	"Hagen"	0.006605322417634623	51.3594	7.475
41	"Potsdam"	0.006374608056706406	52.4	13.0667
42	"Saarbrücken"	0.006322902851937353	49.2333	7.0
43	"Hamm"	0.006265880197151456	51.6667	7.8167
44	"Ludwigshafen"	0.0060259652483651465	49.4811	8.4353
45	"Mülheim"	0.005977933282094571	51.4275	6.8825
46	"Oldenburg"	0.005884528074561844	53.1439	8.2139
47	"Osnabrück"	0.005763416153783453	52.2789	8.0431
48	"Leverkusen"	0.005731581420129976	51.0333	6.9833
49	"Heidelberg"	0.00560973485165189	49.4122	8.71
50	"Solingen"	0.005574926543975837	51.1667	7.0833
51	"Darmstadt"	0.005569574110735197	49.8667	8.65
52	"Herne"	0.005470466637723879	51.5426	7.219
53	"Neuss"	0.005380279886780294	51.2003	6.6939
54	"Regensburg"	0.00533878978335939	49.0167	12.0833
55	"Paderborn"	0.005267773839055481	51.7167	8.7667
56	"Ingolstadt"	0.0047920369786668806	48.7636	11.4261
57	"Würzburg"	0.004473654658908321	49.7944	9.9294
58	"Fürth"	0.004469036873367377	49.4783	10.9903
59	"Ulm"	0.00441939567880223	48.3984	9.9916
60	"Heilbronn"	0.004406486869221865	49.1404	9.218
61	"Pforzheim"	0.004391863881675543	48.895	8.705
62	"Wolfsburg"	0.004343202217376657	52.4231	10.7872
63	"Göttingen"	0.00419102519386828	51.5339	9.9356
64	"Bottrop"	0.0041064357587319005	51.5232	6.9253
65	"Reutlingen"	0.0040568645306143436	48.4833	9.2167
66	"Koblenz"	0.003988927110004398	50.3597	7.5978
67	"Bremerhaven"	0.003975283652724336	53.55	8.5833
68	"Recklinghausen"	0.003927461585796531	51.6167	7.2
69	"Bergisch Gladbach"	0.003916931635434227	50.9917	7.1367
70	"Erlangen"	0.003916791702539047	49.5964	11.0044
71	"Jena"	0.0038973760133328064	50.9272	11.5864
72	"Remscheid"	0.0038829279419054594	51.1802	7.1872
73	"Trier"	0.0038704039477868387	49.7567	6.6414
74	"Salzgitter"	0.003671419370840713	52.1503	10.3593
75	"Moers"	0.0036286348881393927	51.4592	6.6197
76	"Siegen"	0.003597534802185612	50.8756	8.0167
77	"Hildesheim"	0.0035679389948550175	52.15	9.95
78	"Cottbus"	0.0035059837055140207	51.7606	14.3342
79	"Gütersloh"	0.003505109124919145	51.9	8.3833
80	"Kaiserslautern"	0.0034993718762167604	49.4447	7.7689
81	"Witten"	0.0033780850393193944	51.4333	7.3333
82	"Hanau"	0.0033591940984700787	50.1328	8.9169
83	"Schwerin"	0.0033520225375920976	53.6333	11.4167
84	"Gera"	0.0032937404867495793	50.8782	12.0824
85	"Esslingen"	0.0032724007202346115	48.7406	9.3108
86	"Ludwigsburg"	0.003270896441611425	48.8975	9.1919
87	"Iserlohn"	0.003241755416190166	51.3833	7.6667
88	"Düren"	0.0031741328445943746	50.8	6.4833
89	"Tübingen"	0.0031675909817447043	48.52	9.0556
90	"Flensburg"	0.003154227390255003	54.7819	9.4367
91	"Zwickau"	0.003132397858606905	50.7189	12.4961
92	"Gießen"	0.003097624534154646	50.5833	8.6667
93	"Ratingen"	0.0030539304876346547	51.3	6.85
94	"Lünen"	0.003020731408253172	51.6167	7.5167
95	"Villingen-Schwenningen"	0.002979905986084373	48.0603	8.4586
96	"Konstanz"	0.002965178048866666	47.6633	9.1753
97	"Marl"	0.002936526788578537	51.6667	7.1167
98	"Worms"	0.0029151520388397746	49.6319	8.3653
99	"Velbert"	0.0028680646196116654	51.34	7.0416