T;P;V
0;2;0
0;3;0
0;6;0
0;7;0
0;9;0
0;10;0
0;12;0
0;14;0
0;15;0
0;17;0
0;19;0
0;21;0
0;22;0
0;23;0
0;26;0
0;28;0
0;31;0
0;33;0
0;34;0
0;35;0
0;36;0
0;41;0
0;44;0
0;47;0
0;49;0
0;53;0
0;55;0
0;57;0
0;58;0
0;60;0
0;62;0
0;63;0
0;64;0
0;65;0
0;66;0
0;68;0
0;70;0
0;71;0
0;72;0
0;73;0
0;76;0
0;77;0
0;80;0
0;81;0
0;85;0
0;88;0
0;90;0
0;94;0
0;95;0
0;97;0
1;2;0
1;4;1
1;6;0
1;7;0
1;9;0
1;11;1
1;12;0
1;14;0
1;16;1
1;18;1
1;20;1
1;21;0
1;22;0
1;24;1
1;27;1
1;28;0
1;32;1
1;33;0
1;34;0
1;35;0
1;37;1
1;42;1
1;45;1
1;48;1
1;49;0
1;54;1
1;56;1
1;57;0
1;59;1
1;61;1
1;62;0
1;63;0
1;64;0
1;65;0
1;67;1
1;69;1
1;70;0
1;71;0
1;72;0
1;74;1
1;76;0
1;78;1
1;80;0
1;82;1
1;86;1
1;89;1
1;91;1
1;94;0
1;96;1
1;98;1
2;3;1
2;5;1
2;6;0
2;8;1
2;10;1
2;11;0
2;13;1
2;15;1
2;17;1
2;19;1
2;20;0
2;21;0
2;23;1
2;26;2
2;27;0
2;29;1
2;32;0
2;33;0
2;34;0
2;36;1
2;39;2
2;44;2
2;47;2
2;48;0
2;50;1
2;55;1
2;56;0
2;58;1
2;60;1
2;61;0
2;62;0
2;63;0
2;64;0
2;66;1
2;68;1
2;69;0
2;70;0
2;71;0
2;72;0
2;75;1
2;77;1
2;78;0
2;81;1
2;84;2
2;88;2
2;90;1
2;92;1
2;95;1
2;97;1
2;0;2
3;4;1
3;5;0
3;7;1
3;8;0
3;10;0
3;12;1
3;14;1
3;16;1
3;17;0
3;19;0
3;20;0
3;22;1
3;24;1
3;26;0
3;28;1
3;31;2
3;32;0
3;33;0
3;35;1
3;38;2
3;42;3
3;46;2
3;47;0
3;49;1
3;51;1
3;55;0
3;57;1
3;59;1
3;60;0
3;61;0
3;62;0
3;63;0
3;65;1
3;66;0
3;68;0
3;69;0
3;70;0
3;71;0
3;72;0
3;75;0
3;77;0
3;78;0
3;83;2
3;87;3
3;89;1
3;91;1
3;94;2
3;95;0
3;99;2
3;2;2
4;4;0
4;6;1
4;7;0
4;8;0
4;10;0
4;12;0
4;15;1
4;16;0
4;18;1
4;19;0
4;21;1
4;23;1
4;25;1
4;27;1
4;30;2
4;31;0
4;32;0
4;33;0
4;37;2
4;41;3
4;45;3
4;46;0
4;48;1
4;50;1
4;53;2
4;56;1
4;58;1
4;59;0
4;60;0
4;61;0
4;62;0
4;64;1
4;65;0
4;67;1
4;68;0
4;69;0
4;70;0
4;71;0
4;73;1
4;75;0
4;77;0
4;79;1
4;86;3
4;88;1
4;90;1
4;93;2
4;94;0
4;95;0
4;1;2
4;3;1
5;5;1
5;6;0
5;7;0
5;9;1
5;11;1
5;13;1
5;15;0
5;17;1
5;18;0
5;20;1
5;22;1
5;24;1
5;26;1
5;29;2
5;30;0
5;31;0
5;32;0
5;33;0
5;40;3
5;44;3
5;45;0
5;47;1
5;49;1
5;52;2
5;55;2
5;57;1
5;58;0
5;59;0
5;60;0
5;61;0
5;63;1
5;64;0
5;66;1
5;67;0
5;68;0
5;69;0
5;70;0
5;72;1
5;74;1
5;76;1
5;78;1
5;80;1
5;86;0
5;88;0
5;92;2
5;93;0
5;94;0
5;95;0
5;2;1
5;3;0
6;5;0
6;6;0
6;8;1
6;10;1
6;11;0
6;14;1
6;16;1
6;17;0
6;19;1
6;20;0
6;23;1
6;25;1
6;28;2
6;29;0
6;30;0
6;31;0
6;32;0
6;34;1
6;43;3
6;44;0
6;46;1
6;47;0
6;51;2
6;53;1
6;56;1
6;57;0
6;58;0
6;59;0
6;60;0
6;62;1
6;63;0
6;65;1
6;66;0
6;67;0
6;68;0
6;69;0
6;71;1
6;73;1
6;75;1
6;77;1
6;79;1
6;82;2
6;87;1
6;89;1
6;92;0
6;93;0
6;94;0
6;95;0
6;2;0
6;4;1
7;5;0
7;7;1
7;9;1
7;10;0
7;12;1
7;15;1
7;16;0
7;18;1
7;19;0
7;21;1
7;24;1
7;27;2
7;28;0
7;29;0
7;30;0
7;31;0
7;33;1
7;36;2
7;43;0
7;44;0
7;46;0
7;48;1
7;52;1
7;55;2
7;56;0
7;57;0
7;58;0
7;59;0
7;61;1
7;62;0
7;64;1
7;65;0
7;66;0
7;67;0
7;68;0
7;70;1
7;72;1
7;73;0
7;76;1
7;78;1
7;81;2
7;85;3
7;87;0
7;91;2
7;92;0
7;93;0
7;94;0
7;96;1
7;3;1
7;4;0
8;6;1
8;8;1
8;9;0
8;10;0
8;14;2
8;15;0
8;17;1
8;18;0
8;19;0
8;23;2
8;26;2
8;27;0
8;28;0
8;29;0
8;30;0
8;32;1
8;35;2
8;39;3
8;43;0
8;45;1
8;47;1
8;50;2
8;54;2
8;55;0
8;56;0
8;57;0
8;58;0
8;60;1
8;61;0
8;63;1
8;64;0
8;65;0
8;66;0
8;67;0
8;69;1
8;71;1
8;72;0
8;74;1
8;77;1
8;79;1
8;84;3
8;85;0
8;88;1
8;91;0
8;92;0
8;93;0
8;94;0
8;97;1
8;3;0
8;4;0
9;7;1
9;8;0
9;9;0
9;11;1
9;14;0
9;16;1
9;17;0
9;18;0
9;20;1
9;25;2
9;26;0
9;27;0
9;28;0
9;29;0
9;31;1
9;34;2
9;37;2
9;41;2
9;43;0
9;46;1
9;49;2
9;53;3
9;54;0
9;55;0
9;56;0
9;57;0
9;58;0
9;60;0
9;61;0
9;63;0
9;64;0
9;65;0
9;66;0
9;68;1
9;69;0
9;71;0
9;73;1
9;76;2
9;78;1
9;81;2
9;84;0
9;86;1
9;90;2
9;91;0
9;92;0
9;93;0
9;95;1
9;99;2
9;3;0
9;5;1
10;7;0
10;8;0
10;10;1
10;12;1
10;15;1
10;16;0
10;17;0
10;19;1
10;22;2
10;25;0
10;26;0
10;27;0
10;28;0
10;29;0
10;32;1
10;36;2
10;40;3
10;42;1
10;44;1
10;47;1
10;52;3
10;53;0
10;54;0
10;55;0
10;56;0
10;57;0
10;59;1
10;60;0
10;62;1
10;63;0
10;64;0
10;65;0
10;66;0
10;68;0
10;70;1
10;72;1
10;75;2
10;77;1
10;80;2
10;83;2
10;85;1
10;88;2
10;90;0
10;91;0
10;92;0
10;94;1
10;97;2
10;2;3
10;3;0
10;6;1
11;7;0
11;8;0
11;11;1
11;13;1
11;15;0
11;16;0
11;17;0
11;21;2
11;24;2
11;25;0
11;26;0
11;27;0
11;28;0
11;30;1
11;33;1
11;39;3
11;40;0
11;43;1
11;46;2
11;49;2
11;52;0
11;53;0
11;54;0
11;55;0
11;56;0
11;58;1
11;59;0
11;61;1
11;62;0
11;63;0
11;64;0
11;65;0
11;67;1
11;69;1
11;70;0
11;74;2
11;76;1
11;78;1
11;82;2
11;84;1
11;87;2
11;88;0
11;90;0
11;91;0
11;93;1
11;95;1
11;99;2
11;2;0
11;3;0
11;6;0
12;7;0
12;9;1
12;12;1
12;14;1
12;15;0
12;16;0
12;18;1
12;23;2
12;24;0
12;25;0
12;26;0
12;27;0
12;28;0
12;32;2
12;34;1
12;39;0
12;41;1
12;44;1
12;47;1
12;51;2
12;52;0
12;53;0
12;54;0
12;55;0
12;57;1
12;58;0
12;60;1
12;61;0
12;62;0
12;63;0
12;64;0
12;65;0
12;68;1
12;69;0
12;70;0
12;75;1
12;77;1
12;80;2
12;83;1
12;85;1
12;87;0
12;89;1
12;90;0
12;92;1
12;94;1
12;97;2
12;0;1
12;2;0
12;4;1
12;6;0
13;8;1
13;11;2
13;13;1
13;14;0
13;15;0
13;17;1
13;20;2
13;23;0
13;24;0
13;25;0
13;26;0
13;27;0
13;29;1
13;33;1
13;36;2
13;40;1
13;42;1
13;46;2
13;48;1
13;51;0
13;52;0
13;53;0
13;54;0
13;55;0
13;57;0
13;59;1
13;60;0
13;61;0
13;62;0
13;63;0
13;64;0
13;66;1
13;68;0
13;69;0
13;70;0
13;75;0
13;78;1
13;82;2
13;84;1
13;85;0
13;88;1
13;89;0
13;91;1
13;93;1
13;96;2
13;99;2
13;1;1
13;2;0
13;5;1
13;6;0
14;10;2
14;11;0
14;13;0
14;14;0
14;16;1
14;19;2
14;22;2
14;23;0
14;24;0
14;25;0
14;26;0
14;27;0
14;30;1
14;34;1
14;39;3
14;41;1
14;44;2
14;47;1
14;49;1
14;51;0
14;52;0
14;53;0
14;54;0
14;56;1
14;57;0
14;59;0
14;60;0
14;61;0
14;62;0
14;63;0
14;65;1
14;67;1
14;68;0
14;69;0
14;71;1
14;76;1
14;80;2
14;82;0
14;84;0
14;85;0
14;88;0
14;90;1
14;92;1
14;95;2
14;97;1
14;0;1
14;1;0
14;3;1
14;5;0
14;6;0
15;10;0
15;12;1
15;13;0
15;15;1
15;17;1
15;20;1
15;22;0
15;23;0
15;24;0
15;25;0
15;26;0
15;27;0
15;32;2
15;35;1
15;39;0
15;42;1
15;46;2
15;48;1
15;50;1
15;51;0
15;52;0
15;53;0
15;54;0
15;56;0
15;58;1
15;59;0
15;60;0
15;61;0
15;62;0
15;64;1
15;65;0
15;67;0
15;68;0
15;70;1
15;73;2
15;78;2
15;81;1
15;83;1
15;84;0
15;86;1
15;89;1
15;91;1
15;93;1
15;96;1
15;99;2
15;0;0
15;1;0
15;4;1
15;5;0
15;7;1
16;10;0
16;12;0
16;14;1
16;15;0
16;19;2
16;21;1
16;22;0
16;23;0
16;24;0
16;25;0
16;26;0
16;28;1
16;33;1
16;37;2
16;39;0
16;44;2
16;47;1
16;49;1
16;50;0
16;51;0
16;52;0
16;53;0
16;55;1
16;57;1
16;58;0
16;59;0
16;60;0
16;61;0
16;63;1
16;64;0
16;66;1
16;67;0
16;69;1
16;72;2
16;76;3
16;79;1
16;82;1
16;83;0
16;85;1
16;88;2
16;90;1
16;92;1
16;95;2
16;98;2
16;99;0
16;0;0
16;2;1
16;4;0
16;6;1
16;9;2
17;10;0
17;13;1
17;14;0
17;16;1
17;20;1
17;21;0
17;22;0
17;23;0
17;24;0
17;25;0
17;27;1
17;30;2
17;35;2
17;38;1
17;40;1
17;46;2
17;48;1
17;49;0
17;50;0
17;51;0
17;52;0
17;54;1
17;55;0
17;57;0
17;58;0
17;59;0
17;60;0
17;62;1
17;63;0
17;65;1
17;66;0
17;68;1
17;70;1
17;75;3
17;78;2
17;81;2
17;82;0
17;84;1
17;86;1
17;89;1
17;91;1
17;94;2
17;96;1
17;98;0
17;99;0
17;1;1
17;3;1
17;5;1
17;8;2
17;9;0
18;11;1
18;13;0
18;15;1
18;17;1
18;20;0
18;21;0
18;22;0
18;23;0
18;24;0
18;26;1
18;28;1
18;32;2
18;37;2
18;39;1
18;42;2
18;47;1
18;48;0
18;49;0
18;50;0
18;51;0
18;52;0
18;54;0
18;56;1
18;57;0
18;58;0
18;59;0
18;61;1
18;62;0
18;63;0
18;65;0
18;67;1
18;69;1
18;72;2
18;77;2
18;79;1
18;81;0
18;83;1
18;85;1
18;88;2
18;90;1
18;92;1
18;95;1
18;96;0
18;98;0
18;0;1
18;1;0
18;4;1
18;7;2
18;8;0
18;9;0
19;12;1
19;14;1
19;16;1
19;18;1
19;20;0
19;21;0
19;22;0
19;23;0
19;25;1
19;27;1
19;30;2
19;35;3
19;37;0
19;40;1
19;45;3
19;47;0
19;48;0
19;49;0
19;50;0
19;51;0
19;52;0
19;55;1
19;56;0
19;57;0
19;58;0
19;60;1
19;61;0
19;62;0
19;64;1
19;65;0
19;67;0
19;70;1
19;74;2
19;78;1
19;80;1
19;81;0
19;83;0
19;87;2
19;89;1
19;91;1
19;94;2
19;95;0
19;97;1
19;99;1
19;0;0
19;2;1
19;6;2
19;7;0
19;8;0
19;10;1
20;13;1
20;14;0
20;17;1
20;19;1
20;20;0
20;21;0
20;22;0
20;23;0
20;25;0
20;29;2
20;33;3
20;36;1
20;38;1
20;41;1
20;46;1
20;47;0
20;48;0
20;49;0
20;50;0
20;51;0
20;53;1
20;55;0
20;56;0
20;57;0
20;59;1
20;60;0
20;61;0
20;63;1
20;64;0
20;66;1
20;68;1
20;72;2
20;76;2
20;79;1
20;80;0
20;82;1
20;83;0
20;88;1
20;90;1
20;92;1
20;94;0
20;96;1
20;98;1
20;99;0
20;1;1
20;4;2
20;6;0
20;7;0
20;9;1
20;11;1
21;13;0
21;15;1
21;18;1
21;19;0
21;20;0
21;21;0
21;22;0
21;24;1
21;26;1
21;31;2
21;35;2
21;37;1
21;39;1
21;43;2
21;46;0
21;47;0
21;48;0
21;49;0
21;50;0
21;52;1
21;54;1
21;55;0
21;56;0
21;58;1
21;59;0
21;60;0
21;62;1
21;63;0
21;64;0
21;67;1
21;69;1
21;75;3
21;78;2
21;79;0
21;81;1
21;82;0
21;84;1
21;89;1
21;91;1
21;93;1
21;95;1
21;97;1
21;98;0
21;0;1
21;3;2
21;5;1
21;6;0
21;7;0
21;10;1
21;12;1
22;14;1
22;16;1
22;18;0
22;19;0
22;20;0
22;21;0
22;23;1
22;25;1
22;28;2
22;34;3
22;36;1
22;37;0
22;40;1
22;45;2
22;46;0
22;47;0
22;48;0
22;49;0
22;51;1
22;53;1
22;54;0
22;55;0
22;57;1
22;58;0
22;59;0
22;61;1
22;62;0
22;63;0
22;64;0
22;68;1
22;70;1
22;77;2
22;78;0
22;80;1
22;81;0
22;82;0
22;86;2
22;90;1
22;92;1
22;94;1
22;95;0
22;97;0
22;99;1
22;2;2
22;4;1
22;5;0
22;6;0
22;8;1
22;10;0
22;12;0
23;15;1
23;17;1
23;18;0
23;19;0
23;20;0
23;22;1
23;24;1
23;27;2
23;31;3
23;35;1
23;36;0
23;38;1
23;42;2
23;45;0
23;46;0
23;47;0
23;48;0
23;49;0
23;52;1
23;53;0
23;54;0
23;56;1
23;57;0
23;58;0
23;60;1
23;61;0
23;62;0
23;63;0
23;65;1
23;69;1
23;72;2
23;77;0
23;79;1
23;80;0
23;81;0
23;83;1
23;88;2
23;91;1
23;93;1
23;94;0
23;96;1
23;98;1
23;1;2
23;3;1
23;4;0
23;5;0
23;6;0
23;9;1
23;11;1
23;12;0
24;16;1
24;17;0
24;18;0
24;19;0
24;21;1
24;23;1
24;26;2
24;29;2
24;33;2
24;35;0
24;37;1
24;40;2
24;44;2
24;45;0
24;46;0
24;47;0
24;48;0
24;50;1
24;52;0
24;53;0
24;55;1
24;56;0
24;57;0
24;59;1
24;60;0
24;61;0
24;62;0
24;64;1
24;66;1
24;71;2
24;75;3
24;77;0
24;79;0
24;80;0
24;82;1
24;85;2
24;90;2
24;92;1
24;93;0
24;95;1
24;97;1
24;0;2
24;2;1
24;3;0
24;4;0
24;5;0
24;7;1
24;10;1
24;11;0
24;13;1
25;16;0
25;17;0
25;18;0
25;20;1
25;22;1
25;25;2
25;27;1
25;32;3
25;34;1
25;36;1
25;39;2
25;43;3
25;44;0
25;45;0
25;46;0
25;47;0
25;49;1
25;51;1
25;52;0
25;54;1
25;55;0
25;56;0
25;57;0
25;59;0
25;60;0
25;61;0
25;63;1
25;64;0
25;68;2
25;73;2
25;76;1
25;78;1
25;79;0
25;81;1
25;83;1
25;87;2
25;91;1
25;92;0
25;94;1
25;96;1
25;99;2
25;0;0
25;2;0
25;3;0
25;4;0
25;6;1
25;9;2
25;10;0
25;12;1
25;15;2
26;16;0
26;17;0
26;19;1
26;21;1
26;24;2
26;26;1
26;29;2
26;33;1
26;35;1
26;38;2
26;42;3
26;43;0
26;44;0
26;45;0
26;46;0
26;47;0
26;50;1
26;51;0
26;53;1
26;54;0
26;55;0
26;56;0
26;58;1
26;59;0
26;60;0
26;61;0
26;63;0
26;65;1
26;71;3
26;75;2
26;76;0
26;78;0
26;79;0
26;82;1
26;84;1
26;90;3
26;91;0
26;93;1
26;94;0
26;98;2
26;99;0
26;1;1
26;2;0
26;3;0
26;5;1
26;8;2
26;9;0
26;11;1
26;14;2
26;15;0
27;16;0
27;18;1
27;19;0
27;23;2
27;25;1
27;28;2
27;32;3
27;34;1
27;37;2
27;41;3
27;42;0
27;43;0
27;44;0
27;45;0
27;46;0
27;48;1
27;50;0
27;51;0
27;53;0
27;54;0
27;55;0
27;57;1
27;58;0
27;59;0
27;60;0
27;62;1
27;64;1
27;66;1
27;74;3
27;75;0
27;77;1
27;78;0
27;80;1
27;83;1
27;86;2
27;90;0
27;92;1
27;93;0
27;95;1
27;98;0
27;0;1
27;1;0
27;2;0
27;4;1
27;7;2
27;8;0
27;9;0
27;13;2
27;14;0
27;15;0
28;17;1
28;18;0
28;19;0
28;24;1
28;27;2
28;31;3
28;33;1
28;36;2
28;40;3
28;41;0
28;42;0
28;43;0
28;44;0
28;45;0
28;47;1
28;48;0
28;50;0
28;52;1
28;53;0
28;54;0
28;56;1
28;57;0
28;58;0
28;59;0
28;61;1
28;63;1
28;65;1
28;68;2
28;74;0
28;75;0
28;77;0
28;79;1
28;82;2
28;84;1
28;89;3
28;91;1
28;92;0
28;94;1
28;97;2
28;98;0
28;0;0
28;1;0
28;3;1
28;6;2
28;7;0
28;8;0
28;10;1
28;13;0
28;14;0
28;15;0
29;17;0
29;18;0
29;19;0
29;26;2
29;30;3
29;31;0
29;34;1
29;38;2
29;40;0
29;41;0
29;42;0
29;43;0
29;44;0
29;45;0
29;47;0
29;49;1
29;51;1
29;52;0
29;53;0
29;55;1
29;56;0
29;57;0
29;58;0
29;60;1
29;62;1
29;64;1
29;67;2
29;70;2
29;74;0
29;76;1
29;77;0
29;81;2
29;82;0
29;86;2
29;90;1
29;91;0
29;93;1
29;96;2
29;97;0
29;99;1
29;0;0
29;1;0
29;5;2
29;6;0
29;7;0
29;9;1
29;11;1
29;13;0
29;14;0
29;16;1
30;17;0
30;18;0
30;20;1
30;28;2
30;30;0
30;32;1
30;36;2
30;39;1
30;40;0
30;41;0
30;42;0
30;43;0
30;44;0
30;46;1
30;48;1
30;50;1
30;51;0
30;52;0
30;54;1
30;55;0
30;56;0
30;57;0
30;59;1
30;61;1
30;63;1
30;65;1
30;69;2
30;73;3
30;75;1
30;76;0
30;78;1
30;81;0
30;83;1
30;89;3
30;90;0
30;92;1
30;95;2
30;96;0
30;98;1
30;99;0
30;0;0
30;2;1
30;5;0
30;6;0
30;8;1
30;10;1
30;12;1
30;13;0
30;15;1
30;16;0
31;17;0
31;19;1
31;22;2
31;29;1
31;31;1
31;34;2
31;38;2
31;39;0
31;40;0
31;41;0
31;42;0
31;43;0
31;45;1
31;47;1
31;49;1
31;50;0
31;51;0
31;53;1
31;54;0
31;55;0
31;56;0
31;58;1
31;59;0
31;62;1
31;64;1
31;67;2
31;72;3
31;74;1
31;75;0
31;77;1
31;80;2
31;81;0
31;85;2
31;89;0
31;91;1
31;94;2
31;95;0
31;96;0
31;98;0
31;99;0
31;0;0
31;4;2
31;5;0
31;7;1
31;9;1
31;11;1
31;12;0
31;14;1
31;15;0
31;16;0
32;18;1
32;21;2
32;25;3
32;30;1
32;33;2
32;37;3
32;38;0
32;39;0
32;40;0
32;41;0
32;42;0
32;44;1
32;46;1
32;47;0
32;49;0
32;50;0
32;51;0
32;53;0
32;54;0
32;55;0
32;57;1
32;58;0
32;60;1
32;63;1
32;66;2
32;70;3
32;73;1
32;74;0
32;76;1
32;79;2
32;80;0
32;82;1
32;88;3
32;90;1
32;93;2
32;94;0
32;95;0
32;97;1
32;98;0
32;99;0
32;1;1
32;4;0
32;6;1
32;8;1
32;10;1
32;11;0
32;13;1
32;14;0
32;15;0
32;16;0
33;20;2
33;24;3
33;28;3
33;31;1
33;36;3
33;37;0
33;38;0
33;39;0
33;40;0
33;41;0
33;42;0
33;44;0
33;46;0
33;48;1
33;49;0
33;50;0
33;52;1
33;53;0
33;54;0
33;56;1
33;57;0
33;58;0
33;62;2
33;65;2
33;69;3
33;72;2
33;73;0
33;75;1
33;78;2
33;79;0
33;80;0
33;83;1
33;89;1
33;92;2
33;93;0
33;94;0
33;96;1
33;97;0
33;98;0
33;0;1
33;3;2
33;5;1
33;7;1
33;9;1
33;10;0
33;11;0
33;13;0
33;14;0
33;15;0
33;17;1
34;23;3
34;27;3
34;30;2
34;33;2
34;36;0
34;37;0
34;38;0
34;39;0
34;40;0
34;41;0
34;43;1
34;45;1
34;46;0
34;48;0
34;49;0
34;51;1
34;52;0
34;53;0
34;55;1
34;56;0
34;57;0
34;59;1
34;63;1
34;68;3
34;70;1
34;72;0
34;73;0
34;77;2
34;78;0
34;79;0
34;81;1
34;85;2
34;91;2
34;92;0
34;93;0
34;95;1
34;96;0
34;97;0
34;99;1
34;2;2
34;4;1
34;6;1
34;8;1
34;9;0
34;10;0
34;12;1
34;13;0
34;14;0
34;16;1
34;18;1
35;25;2
35;29;2
35;31;1
35;35;2
35;36;0
35;37;0
35;38;0
35;39;0
35;40;0
35;42;1
35;44;1
35;45;0
35;47;1
35;48;0
35;50;1
35;51;0
35;52;0
35;54;1
35;55;0
35;56;0
35;58;1
35;61;2
35;65;2
35;68;0
35;71;1
35;72;0
35;74;1
35;77;0
35;78;0
35;80;1
35;83;2
35;88;3
35;91;0
35;92;0
35;93;0
35;95;0
35;96;0
35;98;1
35;1;2
35;3;1
35;4;0
35;6;0
35;8;0
35;9;0
35;11;1
35;12;0
35;13;0
35;15;1
35;17;1
35;20;2
36;28;3
36;30;1
36;33;2
36;35;0
36;36;0
36;37;0
36;38;0
36;39;0
36;40;0
36;43;1
36;44;0
36;46;1
36;47;0
36;49;1
36;50;0
36;51;0
36;53;1
36;54;0
36;55;0
36;56;0
36;60;2
36;63;2
36;67;2
36;69;1
36;71;0
36;73;1
36;76;2
36;77;0
36;79;1
36;81;1
36;85;2
36;90;2
36;91;0
36;92;0
36;94;1
36;95;0
36;97;1
36;99;1
36;2;1
36;3;0
36;5;1
36;6;0
36;8;0
36;9;0
36;11;0
36;12;0
36;14;1
36;16;1
36;19;2
36;22;2
37;29;1
37;32;2
37;34;1
37;35;0
37;36;0
37;37;0
37;38;0
37;39;0
37;41;1
37;43;0
37;45;1
37;46;0
37;48;1
37;49;0
37;50;0
37;51;0
37;53;0
37;54;0
37;55;0
37;57;1
37;61;1
37;66;3
37;68;1
37;70;1
37;71;0
37;75;2
37;76;0
37;78;1
37;80;1
37;83;2
37;88;3
37;90;0
37;91;0
37;93;1
37;94;0
37;95;0
37;98;1
37;1;2
37;2;0
37;4;1
37;5;0
37;7;1
37;8;0
37;10;1
37;11;0
37;12;0
37;15;1
37;18;2
37;21;2
37;25;3
38;31;2
38;32;0
38;34;0
38;35;0
38;36;0
38;37;0
38;38;0
38;40;1
38;42;1
38;43;0
38;45;0
38;47;1
38;48;0
38;49;0
38;50;0
38;52;1
38;53;0
38;54;0
38;56;1
38;59;2
38;63;2
38;67;1
38;69;1
38;70;0
38;72;1
38;75;0
38;77;1
38;79;1
38;82;2
38;86;3
38;89;1
38;90;0
38;92;1
38;93;0
38;94;0
38;96;1
38;0;2
38;1;0
38;2;0
38;4;0
38;6;1
38;7;0
38;8;0
38;10;0
38;11;0
38;12;0
38;16;1
38;20;2
38;24;3
38;28;3
39;31;0
39;32;0
39;34;0
39;35;0
39;36;0
39;37;0
39;39;1
39;41;1
39;42;0
39;44;1
39;46;1
39;47;0
39;48;0
39;49;0
39;51;1
39;52;0
39;53;0
39;55;1
39;57;1
39;61;2
39;66;3
39;68;1
39;69;0
39;70;0
39;73;1
39;75;0
39;78;1
39;81;2
39;85;3
39;88;2
39;89;0
39;91;1
39;92;0
39;93;0
39;95;1
39;97;1
39;0;0
39;1;0
39;3;1
39;5;1
39;6;0
39;7;0
39;9;1
39;10;0
39;11;0
39;13;1
39;18;2
39;22;2
39;27;3
39;30;2
40;31;0
40;33;1
40;34;0
40;35;0
40;36;0
40;37;0
40;39;0
40;41;0
40;43;1
40;45;1
40;46;0
40;47;0
40;48;0
40;49;0
40;51;0
40;52;0
40;53;0
40;56;1
40;59;2
40;64;3
40;66;0
40;68;0
40;69;0
40;71;1
40;74;1
40;76;1
40;79;1
40;84;3
40;87;2
40;88;0
40;90;1
40;91;0
40;92;0
40;93;0
40;96;1
40;99;2
40;0;0
40;2;1
40;4;1
40;5;0
40;6;0
40;8;1
40;9;0
40;10;0
40;12;1
40;15;2
40;20;2
40;25;3
40;28;1
40;30;0
41;32;1
41;33;0
41;34;0
41;35;0
41;36;0
41;38;1
41;39;0
41;42;1
41;43;0
41;45;0
41;46;0
41;47;0
41;48;0
41;49;0
41;51;0
41;52;0
41;54;1
41;58;2
41;62;3
41;65;1
41;67;1
41;68;0
41;70;1
41;73;2
41;75;1
41;77;1
41;81;2
41;85;1
41;87;0
41;89;1
41;90;0
41;91;0
41;92;0
41;94;1
41;98;2
41;99;0
41;1;1
41;2;0
41;4;0
41;5;0
41;7;1
41;8;0
41;9;0
41;10;0
41;14;2
41;18;3
41;23;3
41;27;2
41;29;1
41;30;0
42;32;0
42;33;0
42;34;0
42;35;0
42;37;1
42;38;0
42;39;0
42;42;0
42;44;1
42;45;0
42;46;0
42;47;0
42;48;0
42;50;1
42;51;0
42;52;0
42;56;2
42;61;3
42;64;2
42;66;1
42;67;0
42;69;1
42;71;1
42;73;0
42;76;1
42;79;2
42;84;3
42;86;1
42;88;1
42;89;0
42;90;0
42;91;0
42;93;1
42;95;1
42;98;0
42;99;0
42;1;0
42;3;1
42;4;0
42;6;1
42;7;0
42;8;0
42;9;0
42;11;1
42;17;3
42;22;4
42;26;3
42;28;1
42;29;0
42;31;1
43;32;0
43;33;0
43;34;0
43;36;1
43;37;0
43;38;0
43;40;1
43;43;1
43;44;0
43;45;0
43;46;0
43;47;0
43;49;1
43;50;0
43;51;0
43;53;1
43;58;2
43;63;2
43;64;0
43;66;0
43;68;1
43;70;1
43;71;0
43;74;1
43;78;2
43;82;3
43;85;1
43;87;1
43;88;0
43;89;0
43;90;0
43;92;1
43;94;1
43;97;2
43;98;0
43;0;1
43;2;1
43;3;0
43;5;1
43;6;0
43;7;0
43;8;0
43;10;1
43;13;2
43;21;4
43;25;3
43;27;1
43;28;0
43;29;0
43;31;0
44;32;0
44;33;0
44;35;1
44;36;0
44;37;0
44;39;1
44;42;2
44;43;0
44;44;0
44;45;0
44;46;0
44;48;1
44;49;0
44;50;0
44;52;1
44;55;2
44;61;3
44;63;0
44;64;0
44;67;1
44;69;1
44;70;0
44;72;1
44;76;2
44;81;3
44;84;2
44;86;1
44;87;0
44;88;0
44;89;0
44;91;1
44;93;1
44;96;2
44;97;0
44;99;1
44;1;1
44;2;0
44;4;1
44;5;0
44;6;0
44;7;0
44;9;1
44;12;2
44;16;3
44;24;3
44;25;0
44;27;0
44;28;0
44;30;1
44;31;0
45;32;0
45;34;1
45;35;0
45;36;0
45;38;1
45;41;2
45;42;0
45;43;0
45;44;0
45;45;0
45;47;1
45;48;0
45;49;0
45;51;1
45;54;2
45;58;3
45;62;1
45;63;0
45;65;1
45;68;1
45;69;0
45;71;1
45;74;2
45;79;3
45;83;2
45;84;0
45;86;0
45;87;0
45;88;0
45;90;1
45;91;0
45;95;2
45;96;0
45;98;1
45;0;1
45;1;0
45;3;1
45;4;0
45;5;0
45;6;0
45;8;1
45;11;2
45;15;3
45;20;4
45;24;0
45;26;1
45;27;0
45;29;1
45;30;0
45;31;0
46;33;1
46;34;0
46;35;0
46;36;0
46;40;2
46;41;0
46;42;0
46;43;0
46;44;0
46;46;1
46;47;0
46;48;0
46;50;1
46;53;2
46;57;3
46;61;3
46;62;0
46;64;1
46;66;1
46;68;0
46;70;1
46;72;1
46;76;2
46;82;3
46;83;0
46;84;0
46;86;0
46;87;0
46;89;1
46;90;0
46;92;1
46;95;0
46;97;1
46;99;1
46;0;0
46;2;1
46;3;0
46;4;0
46;5;0
46;6;0
46;10;2
46;14;3
46;18;3
46;22;2
46;25;1
46;26;0
46;27;0
46;29;0
46;30;0
46;31;0
47;33;0
47;34;0
47;35;0
47;37;1
47;40;0
47;41;0
47;42;0
47;43;0
47;44;0
47;46;0
47;47;0
47;49;1
47;52;2
47;56;3
47;60;3
47;61;0
47;63;1
47;65;1
47;67;1
47;69;1
47;71;1
47;74;2
47;78;2
47;82;0
47;83;0
47;84;0
47;86;0
47;88;1
47;89;0
47;91;1
47;94;2
47;96;1
47;98;1
47;99;0
47;1;1
47;2;0
47;3;0
47;4;0
47;5;0
47;7;1
47;13;3
47;17;3
47;21;3
47;24;2
47;25;0
47;26;0
47;28;1
47;29;0
47;30;0
47;31;0
48;33;0
48;34;0
48;36;1
48;38;1
48;40;0
48;41;0
48;42;0
48;43;0
48;45;1
48;46;0
48;47;0
48;51;2
48;55;3
48;59;3
48;60;0
48;62;1
48;64;1
48;65;0
48;67;0
48;70;1
48;73;2
48;77;3
48;81;3
48;82;0
48;83;0
48;85;1
48;87;1
48;88;0
48;89;0
48;93;2
48;95;1
48;97;1
48;98;0
48;0;1
48;1;0
48;2;0
48;3;0
48;4;0
48;6;1
48;9;2
48;16;3
48;20;3
48;22;1
48;24;0
48;25;0
48;27;1
48;28;0
48;29;0
48;30;0
48;32;1
49;33;0
49;35;1
49;37;1
49;39;1
49;40;0
49;41;0
49;42;0
49;44;1
49;45;0
49;46;0
49;48;1
49;54;3
49;57;2
49;59;0
49;61;1
49;63;1
49;64;0
49;66;1
49;67;0
49;72;2
49;76;3
49;80;3
49;81;0
49;82;0
49;84;1
49;86;1
49;87;0
49;88;0
49;90;1
49;94;1
49;96;1
49;97;0
49;98;0
49;0;0
49;1;0
49;2;0
49;3;0
49;5;1
49;8;2
49;12;3
49;19;3
49;20;0
49;23;1
49;24;0
49;26;1
49;27;0
49;28;0
49;29;0
49;31;1
49;32;0
50;34;1
50;36;1
50;37;0
50;39;0
50;40;0
50;41;0
50;43;1
50;44;0
50;45;0
50;47;1
50;49;1
50;56;2
50;58;1
50;59;0
50;62;1
50;63;0
50;64;0
50;66;0
50;67;0
50;75;3
50;79;3
50;80;0
50;81;0
50;83;1
50;85;1
50;86;0
50;87;0
50;89;1
50;92;2
50;95;1
50;96;0
50;97;0
50;99;1
50;0;0
50;1;0
50;2;0
50;3;0
50;6;1
50;11;3
50;15;3
50;19;0
50;21;1
50;23;0
50;25;1
50;26;0
50;27;0
50;28;0
50;30;1
50;31;0
50;32;0
51;35;1
51;36;0
51;38;1
51;39;0
51;40;0
51;42;1
51;43;0
51;44;0
51;46;1
51;48;1
51;51;2
51;57;1
51;58;0
51;60;1
51;62;0
51;63;0
51;65;1
51;66;0
51;67;0
51;78;3
51;79;0
51;80;0
51;81;0
51;84;1
51;85;0
51;86;0
51;88;1
51;91;2
51;94;2
51;95;0
51;96;0
51;97;0
51;99;0
51;0;0
51;1;0
51;2;0
51;4;1
51;8;2
51;14;3
51;18;3
51;20;1
51;22;1
51;24;1
51;25;0
51;26;0
51;27;0
51;28;0
51;30;0
51;31;0
51;32;0
52;35;0
52;36;0
52;38;0
52;39;0
52;41;1
52;42;0
52;43;0
52;45;1
52;47;1
52;50;2
52;54;3
52;57;0
52;59;1
52;60;0
52;62;0
52;63;0
52;65;0
52;66;0
52;68;1
52;78;0
52;79;0
52;80;0
52;82;1
52;84;0
52;85;0
52;87;1
52;90;2
52;92;1
52;94;0
52;95;0
52;96;0
52;98;1
52;99;0
52;0;0
52;1;0
52;2;0
52;6;2
52;11;3
52;17;3
52;18;0
52;21;1
52;23;1
52;24;0
52;25;0
52;26;0
52;27;0
52;29;1
52;30;0
52;31;0
52;33;1
53;35;0
53;37;1
53;38;0
53;40;1
53;41;0
53;42;0
53;44;1
53;46;1
53;49;2
53;52;2
53;56;2
53;57;0
53;59;0
53;60;0
53;62;0
53;64;1
53;65;0
53;66;0
53;70;2
53;78;0
53;79;0
53;81;1
53;82;0
53;84;0
53;86;1
53;89;2
53;91;1
53;93;1
53;94;0
53;95;0
53;97;1
53;98;0
53;99;0
53;0;0
53;1;0
53;3;1
53;9;3
53;15;4
53;17;0
53;19;1
53;21;0
53;23;0
53;24;0
53;25;0
53;26;0
53;27;0
53;29;0
53;30;0
53;32;1
53;33;0
54;36;1
54;37;0
54;38;0
54;40;0
54;41;0
54;43;1
54;45;1
54;48;2
54;50;1
54;54;2
54;56;0
54;58;1
54;59;0
54;61;1
54;62;0
54;64;0
54;65;0
54;67;1
54;73;3
54;78;0
54;79;0
54;81;0
54;83;1
54;85;1
54;88;2
54;90;1
54;91;0
54;93;0
54;94;0
54;96;1
54;97;0
54;98;0
54;99;0
54;0;0
54;2;1
54;4;1
54;13;4
54;16;1
54;18;1
54;20;1
54;22;1
54;23;0
54;24;0
54;25;0
54;26;0
54;27;0
54;29;0
54;31;1
54;32;0
54;34;1
55;36;0
55;37;0
55;39;1
55;40;0
55;42;1
55;44;1
55;47;2
55;49;1
55;52;2
55;55;1
55;57;1
55;58;0
55;60;1
55;61;0
55;63;1
55;64;0
55;66;1
55;69;2
55;77;4
55;78;0
55;80;1
55;82;1
55;84;1
55;87;2
55;89;1
55;90;0
55;92;1
55;93;0
55;95;1
55;96;0
55;97;0
55;98;0
55;99;0
55;0;0
55;3;1
55;6;2
55;15;2
55;16;0
55;19;1
55;21;1
55;22;0
55;23;0
55;24;0
55;25;0
55;26;0
55;27;0
55;30;1
55;31;0
55;33;1
55;35;1
56;36;0
56;38;1
56;39;0
56;40;0
56;43;1
56;46;2
56;48;1
56;50;1
56;54;2
56;55;0
56;57;0
56;58;0
56;60;0
56;62;1
56;63;0
56;65;1
56;68;2
56;72;3
56;77;0
56;79;1
56;81;1
56;83;1
56;86;2
56;88;1
56;89;0
56;91;1
56;92;0
56;94;1
56;95;0
56;96;0
56;97;0
56;98;0
56;99;0
56;0;0
56;5;2
56;8;2
56;15;0
56;17;1
56;20;1
56;21;0
56;22;0
56;23;0
56;24;0
56;25;0
56;26;0
56;27;0
56;30;0
56;32;1
56;34;1
56;35;0
57;37;1
57;38;0
57;39;0
57;41;1
57;45;2
57;46;0
57;48;0
57;51;1
57;54;0
57;56;1
57;57;0
57;58;0
57;61;1
57;62;0
57;63;0
57;66;1
57;71;3
57;76;4
57;78;1
57;79;0
57;82;1
57;84;1
57;87;1
57;88;0
57;90;1
57;91;0
57;93;1
57;94;0
57;95;0
57;96;0
57;97;0
57;98;0
57;99;0
57;1;1
57;7;2
57;11;3
57;15;0
57;19;2
57;20;0
57;21;0
57;22;0
57;23;0
57;24;0
57;25;0
57;26;0
57;27;0
57;31;1
57;33;1
57;34;0
57;35;0
58;37;0
58;38;0
58;40;1
58;42;1
58;45;0
58;47;1
58;49;1
58;53;2
58;55;1
58;56;0
58;57;0
58;59;1
58;61;0
58;62;0
58;64;1
58;68;2
58;75;4
58;76;0
58;78;0
58;80;1
58;83;1
58;86;2
58;87;0
58;89;1
58;90;0
58;92;1
58;93;0
58;94;0
58;95;0
58;96;0
58;97;0
58;98;0
58;99;0
58;3;2
58;9;2
58;14;3
58;15;0
58;19;0
58;20;0
58;21;0
58;22;0
58;23;0
58;24;0
58;25;0
58;26;0
58;28;1
58;32;1
58;33;0
58;34;0
58;36;1
59;37;0
59;39;1
59;41;1
59;44;2
59;46;1
59;48;1
59;51;2
59;54;1
59;55;0
59;56;0
59;58;1
59;60;1
59;61;0
59;63;1
59;66;2
59;71;3
59;75;0
59;77;1
59;79;1
59;82;2
59;85;2
59;86;0
59;88;1
59;89;0
59;90;0
59;92;0
59;93;0
59;94;0
59;95;0
59;96;0
59;97;0
59;98;0
59;0;1
59;6;3
59;12;3
59;14;0
59;16;1
59;19;0
59;20;0
59;21;0
59;22;0
59;23;0
59;24;0
59;25;0
59;27;1
59;30;2
59;32;0
59;33;0
59;35;1
59;36;0
60;38;1
60;40;1
60;43;2
60;45;1
60;47;1
60;50;2
60;53;2
60;54;0
60;55;0
60;56;0
60;58;0
60;60;0
60;62;1
60;65;2
60;69;3
60;73;2
60;76;1
60;78;1
60;80;1
60;84;2
60;85;0
60;86;0
60;88;0
60;89;0
60;91;1
60;92;0
60;93;0
60;94;0
60;95;0
60;96;0
60;97;0
60;99;1
60;2;2
60;10;4
60;13;1
60;15;1
60;18;2
60;19;0
60;20;0
60;21;0
60;22;0
60;23;0
60;24;0
60;26;1
60;29;2
60;31;1
60;32;0
60;34;1
60;35;0
60;36;0
61;39;1
61;42;2
61;44;1
61;46;1
61;49;2
61;52;2
61;53;0
61;54;0
61;55;0
61;57;1
61;59;1
61;60;0
61;64;2
61;68;3
61;72;3
61;74;1
61;77;1
61;79;1
61;82;2
61;84;0
61;85;0
61;87;1
61;88;0
61;90;1
61;91;0
61;92;0
61;93;0
61;94;0
61;95;0
61;96;0
61;98;1
61;0;1
61;5;3
61;12;2
61;14;1
61;17;2
61;18;0
61;19;0
61;20;0
61;21;0
61;22;0
61;23;0
61;25;1
61;28;2
61;30;1
61;31;0
61;33;1
61;34;0
61;35;0
61;36;0
62;41;2
62;43;1
62;45;1
62;48;2
62;51;2
62;52;0
62;53;0
62;54;0
62;55;0
62;58;1
62;59;0
62;61;1
62;67;3
62;71;3
62;73;1
62;76;2
62;77;0
62;81;2
62;83;1
62;84;0
62;86;1
62;87;0
62;89;1
62;90;0
62;91;0
62;92;0
62;93;0
62;94;0
62;95;0
62;97;1
62;99;1
62;2;2
62;9;4
62;13;1
62;15;1
62;17;0
62;18;0
62;19;0
62;20;0
62;21;0
62;22;0
62;24;1
62;27;2
62;29;1
62;30;0
62;32;1
62;33;0
62;34;0
62;35;0
62;37;1
63;42;1
63;43;0
63;46;1
63;50;2
63;51;0
63;52;0
63;53;0
63;54;0
63;56;1
63;58;0
63;60;1
63;62;1
63;70;3
63;72;1
63;75;2
63;76;0
63;78;1
63;81;0
63;83;0
63;85;1
63;86;0
63;88;1
63;89;0
63;90;0
63;91;0
63;92;0
63;93;0
63;94;0
63;96;1
63;98;1
63;1;2
63;4;2
63;12;3
63;14;1
63;15;0
63;17;0
63;18;0
63;19;0
63;20;0
63;21;0
63;23;1
63;26;2
63;28;1
63;29;0
63;30;0
63;32;0
63;33;0
63;34;0
63;36;1
63;39;2
64;42;0
64;44;1
64;47;1
64;50;0
64;51;0
64;52;0
64;53;0
64;55;1
64;57;1
64;59;1
64;61;1
64;63;1
64;70;0
64;73;1
64;75;0
64;77;1
64;80;2
64;82;1
64;84;1
64;85;0
64;87;1
64;88;0
64;89;0
64;90;0
64;91;0
64;92;0
64;93;0
64;95;1
64;97;1
64;0;2
64;3;2
64;7;3
64;13;1
64;14;0
64;15;0
64;17;0
64;18;0
64;19;0
64;20;0
64;22;1
64;25;2
64;27;1
64;28;0
64;29;0
64;31;1
64;32;0
64;33;0
64;35;1
64;38;2
64;41;2
65;42;0
65;46;2
65;49;2
65;50;0
65;51;0
65;52;0
65;53;0
65;55;0
65;58;1
65;60;1
65;62;1
65;65;2
65;71;1
65;73;0
65;75;0
65;78;1
65;81;1
65;82;0
65;84;0
65;85;0
65;87;0
65;88;0
65;89;0
65;90;0
65;91;0
65;92;0
65;93;0
65;96;1
65;99;2
65;2;2
65;6;3
65;10;3
65;13;0
65;14;0
65;16;1
65;17;0
65;18;0
65;19;0
65;21;1
65;24;2
65;26;1
65;27;0
65;28;0
65;30;1
65;31;0
65;32;0
65;34;1
65;37;2
65;40;2
65;41;0
66;43;1
66;47;1
66;49;0
66;50;0
66;51;0
66;52;0
66;54;1
66;56;1
66;58;0
66;61;1
66;63;1
66;68;3
66;72;1
66;74;1
66;76;1
66;80;2
66;81;0
66;83;1
66;84;0
66;86;1
66;87;0
66;88;0
66;89;0
66;90;0
66;91;0
66;92;0
66;93;0
66;98;2
66;1;2
66;5;3
66;9;3
66;12;2
66;13;0
66;15;1
66;16;0
66;17;0
66;18;0
66;20;1
66;23;2
66;25;1
66;26;0
66;27;0
66;29;1
66;30;0
66;31;0
66;33;1
66;36;2
66;39;2
66;40;0
66;41;0
67;45;2
67;48;1
67;49;0
67;50;0
67;51;0
67;53;1
67;55;1
67;57;1
67;59;1
67;62;1
67;65;2
67;71;3
67;73;1
67;75;1
67;78;2
67;80;0
67;82;1
67;83;0
67;85;1
67;86;0
67;87;0
67;88;0
67;89;0
67;90;0
67;91;0
67;92;0
67;94;1
67;0;2
67;4;3
67;7;2
67;11;2
67;12;0
67;13;0
67;15;0
67;16;0
67;17;0
67;19;1
67;22;2
67;24;1
67;25;0
67;26;0
67;28;1
67;29;0
67;30;0
67;32;1
67;35;2
67;37;1
67;39;0
67;40;0
67;42;1
68;47;2
68;48;0
68;49;0
68;50;0
68;52;1
68;54;1
68;56;1
68;58;1
68;61;2
68;63;1
68;68;3
68;72;1
68;74;1
68;77;2
68;78;0
68;80;0
68;82;0
68;83;0
68;85;0
68;86;0
68;87;0
68;88;0
68;89;0
68;90;0
68;91;0
68;93;1
68;96;2
68;3;3
68;6;2
68;10;3
68;11;0
68;12;0
68;14;1
68;15;0
68;16;0
68;17;0
68;20;1
68;23;1
68;24;0
68;25;0
68;26;0
68;28;0
68;29;0
68;31;1
68;34;2
68;35;0
68;38;1
68;39;0
68;41;1
68;43;1
69;47;0
69;48;0
69;49;0
69;50;0
69;53;1
69;55;1
69;56;0
69;59;1
69;61;0
69;64;1
69;70;2
69;73;1
69;75;1
69;77;0
69;78;0
69;80;0
69;82;0
69;84;1
69;85;0
69;86;0
69;87;0
69;88;0
69;89;0
69;90;0
69;92;1
69;95;2
69;99;3
69;5;2
69;9;3
69;10;0
69;11;0
69;13;1
69;14;0
69;15;0
69;16;0
69;18;1
69;22;2
69;23;0
69;24;0
69;25;0
69;27;1
69;28;0
69;30;1
69;33;2
69;34;0
69;36;1
69;38;0
69;39;0
69;41;0
69;45;2
70;47;0
70;48;0
70;49;0
70;51;1
70;54;1
70;55;0
70;56;0
70;60;1
70;62;1
70;66;2
70;71;1
70;73;0
70;76;1
70;77;0
70;78;0
70;81;1
70;83;1
70;84;0
70;85;0
70;86;0
70;87;0
70;88;0
70;89;0
70;90;0
70;93;1
70;98;3
70;2;3
70;8;3
70;9;0
70;10;0
70;12;1
70;13;0
70;14;0
70;15;0
70;17;1
70;19;1
70;22;0
70;23;0
70;24;0
70;25;0
70;27;0
70;29;1
70;32;2
70;33;0
70;35;1
70;37;1
70;38;0
70;39;0
70;42;1
70;46;1
71;47;0
71;48;0
71;50;1
71;53;2
71;54;0
71;55;0
71;57;1
71;60;0
71;64;2
71;69;3
71;72;1
71;74;1
71;76;0
71;77;0
71;79;1
71;81;0
71;83;0
71;84;0
71;85;0
71;86;0
71;87;0
71;88;0
71;89;0
71;90;0
71;94;1
71;1;3
71;5;3
71;8;0
71;9;0
71;11;1
71;12;0
71;13;0
71;14;0
71;16;1
71;18;1
71;21;2
71;22;0
71;23;0
71;24;0
71;26;1
71;28;1
71;31;2
71;32;0
71;33;0
71;36;1
71;37;0
71;38;0
71;40;1
71;43;1
71;46;0
72;47;0
72;49;1
72;52;2
72;53;0
72;54;0
72;56;1
72;58;1
72;61;1
72;66;2
72;71;2
72;73;1
72;74;0
72;76;0
72;78;1
72;80;1
72;82;1
72;83;0
72;84;0
72;85;0
72;86;0
72;87;0
72;88;0
72;89;0
72;91;1
72;96;2
72;4;3
72;7;2
72;8;0
72;10;1
72;11;0
72;12;0
72;13;0
72;14;0
72;17;1
72;20;2
72;21;0
72;22;0
72;23;0
72;24;0
72;27;1
72;30;2
72;31;0
72;32;0
72;34;1
72;36;0
72;37;0
72;39;1
72;42;2
72;45;2
72;46;0
73;48;1
73;51;2
73;52;0
73;53;0
73;54;0
73;57;1
73;60;2
73;62;1
73;69;3
73;72;1
73;73;0
73;75;1
73;77;1
73;79;1
73;81;1
73;82;0
73;83;0
73;84;0
73;85;0
73;86;0
73;87;0
73;88;0
73;90;1
73;93;2
73;99;3
73;6;2
73;7;0
73;9;1
73;10;0
73;11;0
73;12;0
73;13;0
73;15;1
73;19;2
73;20;0
73;21;0
73;22;0
73;23;0
73;25;1
73;28;1
73;30;0
73;31;0
73;33;1
73;35;1
73;36;0
73;38;1
73;41;2
73;44;2
73;45;0
73;46;0
74;50;2
74;51;0
74;52;0
74;53;0
74;55;1
74;58;1
74;61;1
74;64;2
74;71;2
74;72;0
74;73;0
74;76;1
74;78;1
74;80;1
74;81;0
74;82;0
74;83;0
74;84;0
74;85;0
74;86;0
74;87;0
74;89;1
74;92;2
74;96;3
74;3;4
74;6;0
74;8;1
74;9;0
74;10;0
74;11;0
74;12;0
74;14;1
74;17;2
74;19;0
74;20;0
74;21;0
74;22;0
74;24;1
74;26;1
74;29;1
74;30;0
74;32;1
74;34;1
74;35;0
74;36;0
74;39;1
74;42;1
74;44;0
74;45;0
74;46;0
75;50;0
75;51;0
75;52;0
75;54;1
75;57;2
75;60;2
75;62;1
75;66;2
75;71;0
75;72;0
75;74;1
75;77;1
75;79;1
75;80;0
75;81;0
75;82;0
75;83;0
75;84;0
75;85;0
75;86;0
75;88;1
75;91;2
75;94;2
75;0;4
75;5;2
75;7;1
75;8;0
75;9;0
75;10;0
75;11;0
75;13;1
75;16;2
75;18;1
75;19;0
75;20;0
75;21;0
75;23;1
75;25;1
75;28;2
75;29;0
75;31;1
75;32;0
75;34;0
75;35;0
75;36;0
75;41;2
75;43;1
75;44;0
75;45;0
75;46;0
76;50;0
76;51;0
76;53;1
76;55;1
76;59;2
76;61;1
76;64;2
76;68;2
76;71;0
76;73;1
76;75;1
76;78;1
76;79;0
76;80;0
76;81;0
76;82;0
76;83;0
76;84;0
76;85;0
76;87;1
76;90;2
76;93;2
76;97;3
76;3;3
76;6;1
76;7;0
76;8;0
76;9;0
76;10;0
76;12;1
76;15;2
76;17;1
76;18;0
76;19;0
76;20;0
76;22;1
76;23;0
76;26;1
76;28;0
76;30;1
76;31;0
76;33;1
76;34;0
76;35;0
76;37;1
76;42;1
76;43;0
76;44;0
76;45;0
76;47;1
77;50;0
77;52;1
77;54;1
77;57;2
77;60;1
77;63;2
77;67;3
77;69;1
77;72;1
77;73;0
77;77;2
77;78;0
77;79;0
77;80;0
77;81;0
77;82;0
77;83;0
77;84;0
77;86;1
77;89;2
77;92;2
77;96;3
77;1;4
77;5;2
77;6;0
77;7;0
77;8;0
77;9;0
77;11;1
77;14;2
77;15;0
77;17;0
77;18;0
77;19;0
77;20;0
77;22;0
77;23;0
77;27;1
77;28;0
77;30;0
77;32;1
77;33;0
77;34;0
77;36;1
77;39;2
77;42;0
77;43;0
77;44;0
77;46;1
77;48;1
78;51;1
78;53;1
78;56;2
78;59;2
78;62;2
78;66;3
78;67;0
78;71;2
78;72;0
78;73;0
78;77;0
78;78;0
78;79;0
78;80;0
78;81;0
78;82;0
78;83;0
78;85;1
78;88;2
78;91;2
78;95;3
78;0;4
78;4;3
78;5;0
78;6;0
78;7;0
78;8;0
78;10;1
78;12;1
78;14;0
78;16;1
78;17;0
78;18;0
78;19;0
78;21;1
78;22;0
78;24;1
78;27;0
78;28;0
78;31;1
78;32;0
78;33;0
78;35;1
78;38;2
78;41;2
78;42;0
78;43;0
78;45;1
78;47;1
78;49;1
79;51;0
79;55;2
79;58;2
79;61;2
79;64;2
79;66;0
79;68;1
79;71;0
79;72;0
79;73;0
79;77;0
79;78;0
79;79;0
79;80;0
79;81;0
79;82;0
79;84;1
79;87;2
79;90;2
79;94;3
79;99;4
79;2;2
79;4;0
79;5;0
79;6;0
79;7;0
79;9;1
79;10;0
79;13;1
79;14;0
79;16;0
79;17;0
79;18;0
79;20;1
79;21;0
79;23;1
79;26;2
79;27;0
79;28;0
79;31;0
79;32;0
79;34;1
79;36;1
79;39;1
79;41;0
79;42;0
79;44;1
79;46;1
79;48;1
79;49;0
80;52;1
80;57;2
80;60;2
80;63;2
80;65;1
80;67;1
80;70;2
80;71;0
80;72;0
80;74;1
80;77;0
80;78;0
80;79;0
80;80;0
80;81;0
80;83;1
80;85;1
80;88;1
80;93;3
80;97;3
80;1;2
80;3;1
80;4;0
80;5;0
80;6;0
80;8;1
80;9;0
80;11;1
80;13;0
80;15;1
80;16;0
80;17;0
80;19;1
80;20;0
80;22;1
80;25;2
80;26;0
80;27;0
80;28;0
80;31;0
80;33;1
80;35;1
80;38;2
80;40;1
80;41;0
80;43;1
80;45;1
80;47;1
80;48;0
80;50;1
81;54;2
81;59;2
81;62;2
81;64;1
81;66;1
81;69;2
81;70;0
81;71;0
81;73;1
81;75;1
81;77;0
81;78;0
81;79;0
81;80;0
81;82;1
81;84;1
81;87;2
81;90;2
81;96;3
81;0;3
81;2;1
81;3;0
81;4;0
81;5;0
81;7;1
81;8;0
81;9;0
81;12;1
81;14;1
81;15;0
81;16;0
81;17;0
81;19;0
81;20;0
81;24;2
81;25;0
81;26;0
81;27;0
81;29;1
81;32;1
81;34;1
81;37;2
81;39;1
81;40;0
81;42;1
81;43;0
81;46;1
81;47;0
81;48;0
81;51;1
82;57;3
82;61;2
82;63;1
82;64;0
82;67;1
82;69;0
82;70;0
82;72;1
82;74;1
82;76;1
82;77;0
82;78;0
82;79;0
82;80;0
82;83;1
82;86;2
82;88;1
82;93;3
82;99;3
82;0;0
82;2;0
82;3;0
82;4;0
82;6;1
82;7;0
82;8;0
82;10;1
82;12;0
82;14;0
82;15;0
82;16;0
82;18;1
82;19;0
82;21;1
82;24;0
82;25;0
82;26;0
82;28;1
82;31;2
82;33;1
82;36;2
82;38;1
82;39;0
82;40;0
82;42;0
82;44;1
82;46;0
82;47;0
82;49;1
82;53;2
83;59;2
83;62;1
83;63;0
83;65;1
83;68;1
83;69;0
83;71;1
83;73;1
83;75;1
83;76;0
83;77;0
83;78;0
83;79;0
83;81;1
83;85;2
83;87;1
83;89;1
83;97;4
83;99;0
83;1;1
83;2;0
83;3;0
83;5;1
83;6;0
83;7;0
83;9;1
83;11;1
83;13;1
83;14;0
83;15;0
83;17;1
83;18;0
83;20;1
83;23;2
83;24;0
83;25;0
83;26;0
83;30;2
83;32;1
83;34;1
83;37;1
83;38;0
83;39;0
83;41;1
83;43;1
83;45;1
83;46;0
83;48;1
83;51;2
83;55;2
84;60;1
84;62;0
84;64;1
84;66;1
84;68;0
84;70;1
84;72;1
84;74;1
84;75;0
84;76;0
84;77;0
84;78;0
84;80;1
84;83;2
84;86;1
84;88;1
84;91;2
84;97;0
84;0;1
84;1;0
84;2;0
84;4;1
84;5;0
84;6;0
84;7;0
84;10;1
84;12;1
84;13;0
84;14;0
84;16;1
84;17;0
84;19;1
84;22;2
84;23;0
84;24;0
84;25;0
84;27;1
84;31;1
84;32;0
84;36;2
84;37;0
84;38;0
84;40;1
84;42;1
84;44;1
84;45;0
84;46;0
84;49;1
84;54;3
84;58;3
85;60;0
85;63;1
85;64;0
85;67;1
85;68;0
85;71;1
85;73;1
85;74;0
85;75;0
85;76;0
85;77;0
85;78;0
85;82;2
85;85;2
85;86;0
85;90;2
85;93;2
85;98;1
85;0;0
85;1;0
85;3;1
85;4;0
85;5;0
85;6;0
85;8;1
85;11;1
85;12;0
85;13;0
85;15;1
85;16;0
85;17;0
85;21;2
85;22;0
85;23;0
85;24;0
85;26;1
85;29;2
85;31;0
85;33;1
85;36;0
85;37;0
85;39;1
85;41;1
85;43;1
85;44;0
85;45;0
85;47;1
85;50;1
85;56;2
85;59;1
86;61;1
86;63;0
86;64;0
86;67;0
86;68;0
86;71;0
86;73;0
86;74;0
86;75;0
86;76;0
86;77;0
86;79;1
86;84;2
86;85;0
86;87;1
86;92;2
86;96;3
86;99;1
86;0;0
86;2;1
86;3;0
86;4;0
86;5;0
86;6;0
86;9;1
86;11;0
86;12;0
86;14;1
86;15;0
86;16;0
86;18;1
86;21;0
86;22;0
86;23;0
86;25;1
86;28;2
86;30;1
86;32;1
86;35;2
86;36;0
86;38;1
86;40;1
86;42;1
86;43;0
86;44;0
86;46;1
86;48;1
86;51;1
86;58;2
86;59;0
87;62;1
87;63;0
87;64;0
87;67;0
87;69;1
87;72;1
87;73;0
87;74;0
87;75;0
87;76;0
87;78;1
87;81;2
87;84;0
87;86;1
87;89;2
87;95;3
87;98;2
87;99;0
87;1;1
87;2;0
87;3;0
87;4;0
87;5;0
87;6;0
87;10;1
87;11;0
87;13;1
87;14;0
87;15;0
87;16;0
87;20;2
87;21;0
87;22;0
87;24;1
87;27;2
87;29;1
87;30;0
87;34;2
87;35;0
87;36;0
87;39;1
87;41;1
87;42;0
87;43;0
87;45;1
87;46;0
87;50;2
87;53;2
87;58;0
87;60;1
88;62;0
88;63;0
88;65;1
88;68;1
88;71;2
88;72;0
88;73;0
88;74;0
88;75;0
88;76;0
88;80;2
88;83;2
88;85;1
88;88;2
88;92;3
88;96;1
88;98;0
88;0;1
88;1;0
88;2;0
88;3;0
88;4;0
88;5;0
88;7;1
88;10;0
88;12;1
88;13;0
88;14;0
88;15;0
88;17;1
88;20;0
88;21;0
88;23;1
88;25;1
88;28;1
88;29;0
88;31;1
88;34;0
88;35;0
88;37;1
88;40;1
88;41;0
88;42;0
88;44;1
88;45;0
88;47;1
88;52;2
88;56;3
88;59;1
88;61;1
89;62;0
89;64;1
89;67;2
89;70;2
89;71;0
89;72;0
89;73;0
89;74;0
89;75;0
89;76;0
89;82;2
89;84;1
89;87;2
89;91;3
89;95;3
89;97;1
89;99;1
89;0;0
89;1;0
89;2;0
89;3;0
89;4;0
89;6;1
89;9;2
89;11;1
89;12;0
89;13;0
89;14;0
89;16;1
89;18;1
89;20;0
89;22;1
89;23;0
89;27;2
89;28;0
89;30;1
89;32;1
89;34;0
89;36;1
89;39;2
89;40;0
89;41;0
89;42;0
89;44;0
89;45;0
89;49;2
89;55;3
89;58;2
89;59;0
89;61;0
90;63;1
90;66;2
90;69;2
90;70;0
90;71;0
90;72;0
90;73;0
90;74;0
90;75;0
90;77;1
90;83;1
90;86;2
90;90;3
90;94;3
90;96;1
90;97;0
90;99;0
90;0;0
90;1;0
90;2;0
90;3;0
90;5;1
90;7;1
90;9;0
90;11;0
90;12;0
90;13;0
90;15;1
90;17;1
90;19;1
90;21;1
90;22;0
90;24;1
90;27;0
90;28;0
90;30;0
90;33;1
90;35;1
90;38;2
90;39;0
90;40;0
90;41;0
90;43;1
90;44;0
90;45;0
90;52;3
90;57;2
90;58;0
90;60;1
90;61;0
91;64;1
91;68;2
91;69;0
91;70;0
91;71;0
91;72;0
91;73;0
91;74;0
91;75;0
91;79;2
91;85;2
91;89;3
91;93;3
91;95;1
91;96;0
91;98;1
91;99;0
91;0;0
91;1;0
91;2;0
91;4;1
91;6;1
91;8;1
91;10;1
91;11;0
91;12;0
91;14;1
91;15;0
91;17;0
91;20;1
91;21;0
91;23;1
91;26;2
91;27;0
91;29;1
91;31;1
91;34;1
91;37;2
91;38;0
91;39;0
91;40;0
91;41;0
91;43;0
91;44;0
91;46;1
91;56;4
91;57;0
91;59;1
91;60;0
91;62;1
92;66;2
92;68;0
92;69;0
92;70;0
92;71;0
92;72;0
92;73;0
92;74;0
92;76;1
92;82;3
92;88;3
92;92;3
92;93;0
92;95;0
92;97;1
92;98;0
92;99;0
92;0;0
92;1;0
92;3;1
92;5;1
92;7;1
92;9;1
92;10;0
92;11;0
92;13;1
92;14;0
92;16;1
92;18;1
92;20;0
92;22;1
92;25;2
92;26;0
92;27;0
92;30;1
92;33;2
92;36;2
92;37;0
92;38;0
92;39;0
92;40;0
92;42;1
92;43;0
92;45;1
92;48;2
92;56;0
92;58;1
92;59;0
92;61;1
92;62;0
93;67;1
93;68;0
93;69;0
93;70;0
93;71;0
93;72;0
93;73;0
93;75;1
93;77;1
93;86;4
93;91;3
93;92;0
93;94;1
93;95;0
93;97;0
93;98;0
93;99;0
93;0;0
93;2;1
93;4;1
93;6;1
93;8;1
93;9;0
93;10;0
93;12;1
93;13;0
93;15;1
93;17;1
93;19;1
93;21;1
93;24;2
93;25;0
93;26;0
93;28;1
93;32;2
93;35;2
93;36;0
93;37;0
93;38;0
93;39;0
93;40;0
93;42;0
93;44;1
93;47;2
93;51;3
93;57;1
93;58;0
93;60;1
93;61;0
93;63;1
94;67;0
94;68;0
94;69;0
94;70;0
94;71;0
94;72;0
94;74;1
94;75;0
94;79;2
94;90;4
94;91;0
94;92;0
94;94;0
94;96;1
94;97;0
94;98;0
94;99;0
94;1;1
94;2;0
94;5;1
94;6;0
94;8;0
94;9;0
94;11;1
94;12;0
94;14;1
94;15;0
94;17;0
94;20;1
94;23;2
94;24;0
94;25;0
94;27;1
94;30;2
94;34;2
94;35;0
94;36;0
94;37;0
94;38;0
94;39;0
94;41;1
94;43;1
94;46;2
94;50;3
94;55;4
94;57;0
94;58;0
94;60;0
94;62;1
94;65;2
95;67;0
95;68;0
95;69;0
95;70;0
95;71;0
95;73;1
95;74;0
95;76;1
95;81;2
95;90;0
95;91;0
95;93;1
95;95;1
95;96;0
95;97;0
95;98;0
95;0;1
95;1;0
95;3;1
95;5;0
95;6;0
95;8;0
95;9;0
95;11;0
95;13;1
95;14;0
95;16;1
95;18;1
95;22;2
95;23;0
95;24;0
95;26;1
95;29;2
95;33;3
95;34;0
95;35;0
95;36;0
95;37;0
95;38;0
95;40;1
95;42;1
95;45;2
95;49;3
95;54;4
95;55;0
95;57;0
95;59;1
95;60;0
95;64;2
95;66;1
96;67;0
96;68;0
96;69;0
96;70;0
96;72;1
96;73;0
96;75;1
96;78;2
96;84;3
96;90;0
96;92;1
96;94;1
96;95;0
96;96;0
96;97;0
96;99;1
96;0;0
96;2;1
96;4;1
96;5;0
96;7;1
96;8;0
96;10;1
96;11;0
96;13;0
96;15;1
96;17;1
96;20;2
96;22;0
96;23;0
96;25;1
96;28;2
96;32;3
96;33;0
96;34;0
96;35;0
96;36;0
96;37;0
96;39;1
96;40;0
96;44;2
96;47;2
96;53;4
96;54;0
96;56;1
96;58;1
96;59;0
96;61;1
96;65;1
96;66;0
97;67;0
97;68;0
97;69;0
97;71;1
97;72;0
97;74;1
97;77;2
97;81;3
97;88;4
97;91;1
97;93;1
97;94;0
97;95;0
97;96;0
97;98;1
97;99;0
97;0;0
97;3;1
97;4;0
97;5;0
97;7;0
97;9;1
97;10;0
97;12;1
97;13;0
97;16;1
97;19;2
97;21;1
97;22;0
97;23;0
97;27;2
97;31;3
97;32;0
97;33;0
97;34;0
97;35;0
97;36;0
97;38;1
97;39;0
97;41;1
97;45;1
97;50;3
97;53;0
97;55;1
97;57;1
97;58;0
97;59;0
97;62;1
97;65;0
97;66;0
98;67;0
98;68;0
98;70;1
98;71;0
98;73;1
98;76;2
98;80;3
98;85;4
98;90;2
98;92;1
98;93;0
98;94;0
98;95;0
98;96;0
98;98;0
98;99;0
98;1;1
98;3;0
98;4;0
98;6;1
98;8;1
98;9;0
98;11;1
98;12;0
98;14;1
98;18;2
98;20;1
98;21;0
98;22;0
98;24;1
98;30;3
98;31;0
98;32;0
98;33;0
98;34;0
98;35;0
98;36;0
98;38;0
98;40;1
98;43;2
98;47;2
98;52;2
98;54;1
98;55;0
98;57;0
98;58;0
98;60;1
98;63;1
98;65;0
98;66;0
99;67;0
99;69;1
99;70;0
99;71;0
99;75;2
99;79;3
99;84;4
99;89;4
99;90;0
99;92;0
99;93;0
99;94;0
99;95;0
99;97;1
99;98;0
99;0;1
99;2;1
99;3;0
99;5;1
99;6;0
99;8;0
99;9;0
99;11;0
99;13;1
99;15;1
99;19;1
99;20;0
99;21;0
99;23;1
99;26;2
99;30;0
99;31;0
99;32;0
99;33;0
99;34;0
99;35;0
99;37;1
99;38;0
99;42;2
99;45;2
99;50;3
99;53;1
99;54;0
99;56;1
99;57;0
99;59;1
99;62;2
99;64;1
99;65;0
99;66;0
